"activity" "domain" "type" "source" "dimension" "jerk" "magnitude" "value.type" "value"
1 0 0 0 1 0 0 0 0.276336875325203
2 0 0 0 1 0 0 0 0.26229464948342
3 0 0 0 1 0 0 0 0.288137227760313
4 0 0 0 1 0 0 0 0.273059614418965
5 0 0 0 1 0 0 0 0.279153494050367
6 0 0 0 1 0 0 0 0.268648643296245
1 0 0 0 2 0 0 0 -0.0179068331339779
2 0 0 0 2 0 0 0 -0.0259232890342181
3 0 0 0 2 0 0 0 -0.0163119254923574
4 0 0 0 2 0 0 0 -0.0126895730832639
5 0 0 0 2 0 0 0 -0.016151886473745
6 0 0 0 2 0 0 0 -0.0183177280685082
1 0 0 0 3 0 0 0 -0.108881687638618
2 0 0 0 3 0 0 0 -0.120537934670272
3 0 0 0 3 0 0 0 -0.105761624860013
4 0 0 0 3 0 0 0 -0.105517003220878
5 0 0 0 3 0 0 0 -0.106586908690788
6 0 0 0 3 0 0 0 -0.107435631519084
1 0 0 0 1 0 0 1 -0.314644454310285
2 0 0 0 1 0 0 1 -0.237989747950635
3 0 0 0 1 0 0 1 0.100766330932127
4 0 0 0 1 0 0 1 -0.983446221750141
5 0 0 0 1 0 0 1 -0.98443471156873
6 0 0 0 1 0 0 1 -0.960932405036523
1 0 0 0 2 0 0 1 -0.0235829464260859
2 0 0 0 2 0 0 1 -0.0160325123253303
3 0 0 0 2 0 0 1 0.0595486228783642
4 0 0 0 2 0 0 1 -0.934880562895515
5 0 0 0 2 0 0 1 -0.932508714024134
6 0 0 0 2 0 0 1 -0.943507185574074
1 0 0 0 3 0 0 1 -0.2739207990668
2 0 0 0 3 0 0 1 -0.175449700484728
3 0 0 0 3 0 0 1 -0.190804507442162
4 0 0 0 3 0 0 1 -0.938981580616207
5 0 0 0 3 0 0 1 -0.939913504673138
6 0 0 0 3 0 0 1 -0.948069300024897
1 0 1 0 1 0 0 0 0.93499157825784
2 0 1 0 1 0 0 0 0.875003375958549
3 0 1 0 1 0 0 0 0.926457404928876
4 0 1 0 1 0 0 0 0.879731193472144
5 0 1 0 1 0 0 0 0.941479635262329
6 0 1 0 1 0 0 0 -0.375021333827161
1 0 1 0 2 0 0 0 -0.196713497359117
2 0 1 0 2 0 0 0 -0.281377193548575
3 0 1 0 2 0 0 0 -0.168507222023357
4 0 1 0 2 0 0 0 0.108713540331707
5 0 1 0 2 0 0 0 -0.18424651390288
6 0 1 0 2 0 0 0 0.622270362899691
1 0 1 0 3 0 0 0 -0.0538251249015482
2 0 1 0 3 0 0 0 -0.14079566587547
3 0 1 0 3 0 0 0 -0.0479709004743904
4 0 1 0 3 0 0 0 0.153774088505577
5 0 1 0 3 0 0 0 -0.0140519613122015
6 0 1 0 3 0 0 0 0.55561247407572
1 0 1 0 1 0 0 1 -0.977612074494773
2 0 1 0 1 0 0 1 -0.948191332253886
3 0 1 0 1 0 0 1 -0.949748838733997
4 0 1 0 1 0 0 1 -0.979682230393922
5 0 1 0 1 0 0 1 -0.988015176652676
6 0 1 0 1 0 0 1 -0.943319727953189
1 0 1 0 2 0 0 1 -0.966903875917538
2 0 1 0 2 0 0 1 -0.925549271962435
3 0 1 0 2 0 0 1 -0.934266078534851
4 0 1 0 2 0 0 1 -0.957672740350591
5 0 1 0 2 0 0 1 -0.969351769994753
6 0 1 0 2 0 0 1 -0.963191706084414
1 0 1 0 3 0 0 1 -0.954597565156794
2 0 1 0 3 0 0 1 -0.901905618180052
3 0 1 0 3 0 0 1 -0.912460554516358
4 0 1 0 3 0 0 1 -0.947357438593134
5 0 1 0 3 0 0 1 -0.953082525826338
6 0 1 0 3 0 0 1 -0.951868724368827
1 0 0 0 1 1 0 0 0.0767187377408595
2 0 0 0 1 1 0 0 0.0767293215286917
3 0 0 0 1 1 0 0 0.0892266917679481
4 0 0 0 1 1 0 0 0.0758788492274395
5 0 0 0 1 1 0 0 0.0750279173525708
6 0 0 0 1 1 0 0 0.0818473898341049
1 0 0 0 2 1 0 0 0.0115061924659823
2 0 0 0 2 1 0 0 0.00875888964679404
3 0 0 0 2 1 0 0 0.000746749097403983
4 0 0 0 2 1 0 0 0.00504690529678683
5 0 0 0 2 1 0 0 0.00880525863452886
6 0 0 0 2 1 0 0 0.0111723565401199
1 0 0 0 3 1 0 0 -0.00231938614930952
2 0 0 0 3 1 0 0 -0.00600953398545337
3 0 0 0 3 1 0 0 -0.00872860399406828
4 0 0 0 3 1 0 0 -0.0024866605775919
5 0 0 0 3 1 0 0 -0.00458206132902833
6 0 0 0 3 1 0 0 -0.00485976942268338
1 0 0 0 1 1 0 1 -0.267288163330981
2 0 0 0 1 1 0 1 -0.360863432417876
3 0 0 0 1 1 0 1 -0.0338826468930654
4 0 0 0 1 1 0 1 -0.984997226336522
5 0 0 0 1 1 0 1 -0.97996855569255
6 0 0 0 1 1 0 1 -0.980381808513375
1 0 0 0 2 1 0 1 -0.103141139217389
2 0 0 0 2 1 0 1 -0.339226496686328
3 0 0 0 2 1 0 1 -0.0736744063550434
4 0 0 0 2 1 0 1 -0.973883160517726
5 0 0 0 2 1 0 1 -0.964342752203568
6 0 0 0 2 1 0 1 -0.971147567757202
1 0 0 0 3 1 0 1 -0.479147120981986
2 0 0 0 3 1 0 1 -0.627063649764249
3 0 0 0 3 1 0 1 -0.388666069444772
4 0 0 0 3 1 0 1 -0.982296486972425
5 0 0 0 3 1 0 1 -0.979485931469045
6 0 0 0 3 1 0 1 -0.979476595910494
1 0 0 1 1 0 0 0 -0.0347275766522822
2 0 0 1 1 0 0 0 0.00682449600215674
3 0 0 1 1 0 0 0 -0.0840345434632895
4 0 0 1 1 0 0 0 -0.0384313168439482
5 0 0 1 1 0 0 0 -0.0266871408413746
6 0 0 1 1 0 0 0 -0.0167253403420918
1 0 0 1 2 0 0 0 -0.0694200436104837
2 0 0 1 2 0 0 0 -0.0885225289752966
3 0 0 1 2 0 0 0 -0.0529928638977233
4 0 0 1 2 0 0 0 -0.0721208098964153
5 0 0 1 2 0 0 0 -0.0677118654705719
6 0 0 1 2 0 0 0 -0.0934107103603086
1 0 0 1 3 0 0 0 0.0863626487285566
2 0 0 1 3 0 0 0 0.0598938080367487
3 0 0 1 3 0 0 0 0.0946781961059175
4 0 0 1 3 0 0 0 0.0777771461510523
5 0 0 1 3 0 0 0 0.0801422394994229
6 0 0 1 3 0 0 0 0.125885141252623
1 0 0 1 1 0 0 1 -0.469914839340418
2 0 0 1 1 0 0 1 -0.46760713827921
3 0 0 1 1 0 0 1 -0.333817475057255
4 0 0 1 1 0 0 1 -0.981022213218908
5 0 0 1 1 0 0 1 -0.94552836296957
6 0 0 1 1 0 0 1 -0.967892432932613
1 0 0 1 2 0 0 1 -0.347921806314175
2 0 0 1 2 0 0 1 -0.344231806672079
3 0 0 1 2 0 0 1 -0.339631376954339
4 0 0 1 2 0 0 1 -0.966708127310073
5 0 0 1 2 0 0 1 -0.961293278672613
6 0 0 1 2 0 0 1 -0.963192469243827
1 0 0 1 3 0 0 1 -0.338448612532172
2 0 0 1 3 0 0 1 -0.237136760675842
3 0 0 1 3 0 0 1 -0.272809910672304
4 0 0 1 3 0 0 1 -0.958007496724817
5 0 0 1 3 0 0 1 -0.957053051274921
6 0 0 1 3 0 0 1 -0.963509228024691
1 0 0 1 1 1 0 0 -0.0943007119992102
2 0 0 1 1 1 0 0 -0.112117464583562
3 0 0 1 1 1 0 0 -0.0728532273938407
4 0 0 1 1 1 0 0 -0.0956521058184581
5 0 0 1 1 1 0 0 -0.0997292806919727
6 0 0 1 1 1 0 0 -0.101864299363374
1 0 0 1 2 1 0 0 -0.0445701108594715
2 0 0 1 2 1 0 0 -0.0386192672141386
3 0 0 1 2 1 0 0 -0.051263979292845
4 0 0 1 2 1 0 0 -0.040779780524009
5 0 0 1 2 1 0 0 -0.0423171100101784
6 0 0 1 2 1 0 0 -0.038198085408019
1 0 0 1 3 1 0 0 -0.0540064674427816
2 0 0 1 3 1 0 0 -0.0525810278118912
3 0 0 1 3 1 0 0 -0.0546961525371337
4 0 0 1 3 1 0 0 -0.0507555280236061
5 0 0 1 3 1 0 0 -0.052095548445404
6 0 0 1 3 1 0 0 -0.0638498197415123
1 0 0 1 1 1 0 1 -0.37622140274036
2 0 0 1 1 1 0 1 -0.553132758357837
3 0 0 1 1 1 0 1 -0.38268977198606
4 0 0 1 1 1 0 1 -0.985705127658976
5 0 0 1 1 1 0 1 -0.966957942859391
6 0 0 1 1 1 0 1 -0.976124813760288
1 0 0 1 2 1 0 1 -0.512619067859872
2 0 0 1 2 1 0 1 -0.667339157124352
3 0 0 1 2 1 0 1 -0.465943810555121
4 0 0 1 2 1 0 1 -0.986502338745076
5 0 0 1 2 1 0 1 -0.980263299260231
6 0 0 1 2 1 0 1 -0.980473581049383
1 0 0 1 3 1 0 1 -0.447427245411672
2 0 0 1 3 1 0 1 -0.560989210937073
3 0 0 1 3 1 0 1 -0.326455992480064
4 0 0 1 3 1 0 1 -0.983805514068655
5 0 0 1 3 1 0 1 -0.977067117235047
6 0 0 1 3 1 0 1 -0.984782526095679
1 0 0 0 0 1 0 0 -0.167937853979757
2 0 0 0 0 1 0 0 -0.100204123946392
3 0 0 0 0 1 0 0 0.101249699851558
4 0 0 0 0 1 0 0 -0.95464392144063
5 0 0 0 0 1 0 0 -0.954179661789087
6 0 0 0 0 1 0 0 -0.941110656500514
1 0 0 0 0 1 0 1 -0.33775398556687
2 0 0 0 0 1 0 1 -0.249875157023391
3 0 0 0 0 1 0 1 0.116488914352198
4 0 0 0 0 1 0 1 -0.939324188353517
5 0 0 0 0 1 0 1 -0.946534779481637
6 0 0 0 0 1 0 1 -0.932160020511831
1 0 1 0 0 1 0 0 -0.167937853979757
2 0 1 0 0 1 0 0 -0.100204123946392
3 0 1 0 0 1 0 0 0.101249699851558
4 0 1 0 0 1 0 0 -0.95464392144063
5 0 1 0 0 1 0 0 -0.954179661789087
6 0 1 0 0 1 0 0 -0.941110656500514
1 0 1 0 0 1 0 1 -0.33775398556687
2 0 1 0 0 1 0 1 -0.249875157023391
3 0 1 0 0 1 0 1 0.116488914352198
4 0 1 0 0 1 0 1 -0.939324188353517
5 0 1 0 0 1 0 1 -0.946534779481637
6 0 1 0 0 1 0 1 -0.932160020511831
1 0 0 0 0 1 1 0 -0.241451989838379
2 0 0 0 0 1 1 0 -0.390938624541516
3 0 0 0 0 1 1 0 -0.111801821250135
4 0 0 0 0 1 1 0 -0.98244444337085
5 0 0 0 0 1 1 0 -0.97711802452256
6 0 0 0 0 1 1 0 -0.97920875497428
1 0 0 0 0 1 1 1 -0.214555894362491
2 0 0 0 0 1 1 1 -0.385400351575259
3 0 0 0 0 1 1 1 -0.011220665881458
4 0 0 0 0 1 1 1 -0.978907079240293
5 0 0 0 0 1 1 1 -0.971452977271773
6 0 0 0 0 1 1 1 -0.974240573559671
1 0 0 1 0 1 0 0 -0.274866019270244
2 0 0 1 0 1 0 0 -0.178281147518361
3 0 0 1 0 1 0 0 -0.129785639782795
4 0 0 1 0 1 0 0 -0.946724138930782
5 0 0 1 0 1 0 0 -0.942152523158447
6 0 0 1 0 1 0 0 -0.938435972026749
1 0 0 1 0 1 0 1 -0.382629015979094
2 0 0 1 0 1 0 1 -0.337142124176179
3 0 0 1 0 1 0 1 -0.251427800988919
4 0 0 1 0 1 0 1 -0.951199015615082
5 0 0 1 0 1 0 1 -0.929531182355719
6 0 0 1 0 1 0 1 -0.940596109587449
1 0 0 1 0 1 1 0 -0.460511516745528
2 0 0 1 0 1 1 0 -0.608047148013666
3 0 0 1 0 1 1 0 -0.416891551237909
4 0 0 1 0 1 1 0 -0.987880071435003
5 0 0 1 0 1 1 0 -0.978697092402938
6 0 0 1 0 1 1 0 -0.982726626075103
1 0 0 1 0 1 1 1 -0.498841024689745
2 0 0 1 0 1 1 1 -0.666836734071891
3 0 0 1 0 1 1 1 -0.440929331631124
4 0 0 1 0 1 1 1 -0.98460762855937
5 0 0 1 0 1 1 1 -0.973528580524659
6 0 0 1 0 1 1 1 -0.976754966054527
1 1 0 0 1 0 0 0 -0.297890931822619
2 1 0 0 1 0 0 0 -0.293406752279022
3 1 0 0 1 0 0 0 0.035259668648926
4 1 0 0 1 0 0 0 -0.983091966702307
5 1 0 0 1 0 0 0 -0.98162230498426
6 1 0 0 1 0 0 0 -0.966812071347737
1 1 0 0 2 0 0 0 -0.0423392245272938
2 1 0 0 2 0 0 0 -0.134950514403271
3 1 0 0 2 0 0 0 0.0566826541965861
4 1 0 0 2 0 0 0 -0.947917966193585
5 1 0 0 2 0 0 0 -0.943132376852046
6 1 0 0 2 0 0 0 -0.952678416904835
1 1 0 0 3 0 0 0 -0.341840674953966
2 1 0 0 3 0 0 0 -0.368122061042293
3 1 0 0 3 0 0 0 -0.21372923278293
4 1 0 0 3 0 0 0 -0.957031035425999
5 1 0 0 3 0 0 0 -0.957359650828961
6 1 0 0 3 0 0 0 -0.960018019984568
1 1 0 0 1 0 0 1 -0.322835798362427
2 1 0 0 1 0 0 1 -0.218887990072578
3 1 0 0 1 0 0 1 0.121937984843535
4 1 0 0 1 0 0 1 -0.983747266764209
5 1 0 0 1 0 0 1 -0.985859786930745
6 1 0 0 1 0 0 1 -0.959031456047479
1 1 0 0 2 0 0 1 -0.0772063416317422
2 1 0 0 2 0 0 1 -0.0218110366534067
3 1 0 0 2 0 0 1 -0.0082336714233357
4 1 0 0 2 0 0 1 -0.932533490271469
5 1 0 0 2 0 0 1 -0.931132967334732
6 1 0 0 2 0 0 1 -0.942460971074588
1 1 0 0 3 0 0 1 -0.296078309260848
2 1 0 0 3 0 0 1 -0.146601790497137
3 1 0 0 3 0 0 1 -0.245872896782916
4 1 0 0 3 0 0 1 -0.934336687975915
5 1 0 0 3 0 0 1 -0.935439598488982
6 1 0 0 3 0 0 1 -0.945643635450566
1 1 0 0 1 0 0 0 -0.28685827761899
2 1 0 0 1 0 0 0 -0.436683976651101
3 1 0 0 1 0 0 0 -0.400019573396373
4 1 0 0 1 0 0 0 -0.0426402475024423
5 1 0 0 1 0 0 0 0.0155958491724008
6 1 0 0 1 0 0 0 -0.259376067222388
1 1 0 0 2 0 0 0 0.0518636618040337
2 1 0 0 2 0 0 0 -0.169851327169637
3 1 0 0 2 0 0 0 0.000603134408748222
4 1 0 0 2 0 0 0 0.0653031714930951
5 1 0 0 2 0 0 0 -0.0332741191101417
6 1 0 0 2 0 0 0 0.143045583957866
1 1 0 0 3 0 0 0 0.0749560748261487
2 1 0 0 3 0 0 0 -0.265200271104081
3 1 0 0 3 0 0 0 0.0924263373459659
4 1 0 0 3 0 0 0 0.0802983762109857
5 1 0 0 3 0 0 0 0.0524670025367366
6 1 0 0 3 0 0 0 0.20318696277
1 1 0 0 1 1 0 0 -0.31112743843018
2 1 0 0 1 1 0 0 -0.389896773119819
3 1 0 0 1 1 0 0 -0.0722967761178656
4 1 0 0 1 1 0 0 -0.985188769302195
5 1 0 0 1 1 0 0 -0.980008693961175
6 1 0 0 1 1 0 0 -0.980197655180041
1 1 0 0 2 1 0 0 -0.170395065771795
2 1 0 0 2 1 0 0 -0.364666839787014
3 1 0 0 2 1 0 0 -0.116380593184566
4 1 0 0 2 1 0 0 -0.973988189836804
5 1 0 0 2 1 0 0 -0.96454742224554
6 1 0 0 2 1 0 0 -0.971383628894033
1 1 0 0 3 1 0 0 -0.451010514389593
2 1 0 0 3 1 0 0 -0.591670061637306
3 1 0 0 3 1 0 0 -0.333190280461238
4 1 0 0 3 1 0 0 -0.97956197226224
5 1 0 0 3 1 0 0 -0.976157838746065
6 1 0 0 3 1 0 0 -0.976614530180041
1 1 0 0 1 1 0 1 -0.287897688500499
2 1 0 0 1 1 0 1 -0.388992761276127
3 1 0 0 1 1 0 1 -0.0821905158144886
4 1 0 0 1 1 0 1 -0.98618495368036
5 1 0 0 1 1 0 1 -0.981826075755509
6 1 0 0 1 1 0 1 -0.982459599243827
1 1 0 0 2 1 0 1 -0.0908699078702335
2 1 0 0 2 1 0 1 -0.357632925658886
3 1 0 0 2 1 0 1 -0.091416460479564
4 1 0 0 2 1 0 1 -0.975750855391109
5 1 0 0 2 1 0 1 -0.966831630482686
6 1 0 0 2 1 0 1 -0.973051242896091
1 1 0 0 3 1 0 1 -0.506329080412654
2 1 0 0 3 1 0 1 -0.661590843134715
3 1 0 0 3 1 0 1 -0.443554664639787
4 1 0 0 3 1 0 1 -0.983670821046708
5 1 0 0 3 1 0 1 -0.981509250650577
6 1 0 0 3 1 0 1 -0.980971915740741
1 1 0 0 1 1 0 0 -0.258388290587468
2 1 0 0 1 1 0 0 -0.339080440587254
3 1 0 0 1 1 0 0 -0.314941325453129
4 1 0 0 1 1 0 0 0.185014353841248
5 1 0 0 1 1 0 0 0.202899961364448
6 1 0 0 1 1 0 0 0.105178707989746
1 1 0 0 2 1 0 0 -0.354659109992689
2 1 0 0 2 1 0 0 -0.452501330578951
3 1 0 0 2 1 0 0 -0.386044309466579
4 1 0 0 2 1 0 0 -0.0583108773539561
5 1 0 0 2 1 0 0 -0.131892581837775
6 1 0 0 2 1 0 0 0.00485365387352315
1 1 0 0 3 1 0 0 -0.24068649680518
2 1 0 0 3 1 0 0 -0.44116273987351
3 1 0 0 3 1 0 0 -0.23740280265473
4 1 0 0 3 1 0 0 0.00299622469976759
5 1 0 0 3 1 0 0 0.00670022889249738
6 1 0 0 3 1 0 0 0.0699619900375761
1 1 0 1 1 0 0 0 -0.348237370890012
2 1 0 1 1 0 0 0 -0.394248174023122
3 1 0 1 1 0 0 0 -0.217922875601003
4 1 0 1 1 0 0 0 -0.977267261395611
5 1 0 1 1 0 0 0 -0.943654258352571
6 1 0 1 1 0 0 0 -0.962915035776389
1 1 0 1 2 0 0 0 -0.388384886139303
2 1 0 1 2 0 0 0 -0.45925346898967
3 1 0 1 2 0 0 0 -0.317592694113158
4 1 0 1 2 0 0 0 -0.972457592965672
5 1 0 1 2 0 0 0 -0.965302753756558
6 1 0 1 2 0 0 0 -0.967582058544239
1 1 0 1 3 0 0 0 -0.310406242610407
2 1 0 1 3 0 0 0 -0.296857721646179
3 1 0 1 3 0 0 0 -0.16562514453862
4 1 0 1 3 0 0 0 -0.961028716797974
5 1 0 1 3 0 0 0 -0.958384988536201
6 1 0 1 3 0 0 0 -0.964184423173868
1 1 0 1 1 0 0 1 -0.510431986710081
2 1 0 1 1 0 0 1 -0.49525397668763
3 1 0 1 1 0 0 1 -0.375127467913848
4 1 0 1 1 0 0 1 -0.982333273978616
5 1 0 1 1 0 0 1 -0.946971557429171
6 1 0 1 1 0 0 1 -0.96974730340535
1 1 0 1 2 0 0 1 -0.331961524686347
2 1 0 1 2 0 0 1 -0.29318182767215
3 1 0 1 2 0 0 1 -0.36185368284522
4 1 0 1 2 0 0 1 -0.964033658897017
5 1 0 1 2 0 0 1 -0.959498600608604
6 1 0 1 2 0 0 1 -0.961365374902263
1 1 0 1 3 0 0 1 -0.410569112536585
2 1 0 1 3 0 0 1 -0.292041341940868
3 1 0 1 3 0 0 1 -0.38040999928478
4 1 0 1 3 0 0 1 -0.961030235486775
5 1 0 1 3 0 0 1 -0.960689223903463
6 1 0 1 3 0 0 1 -0.966725247165638
1 1 0 1 1 0 0 0 -0.0677418230563182
2 1 0 1 1 0 0 0 -0.212837257343873
3 1 0 1 1 0 0 0 -0.170016349676807
4 1 0 1 1 0 0 0 0.0625911646973101
5 1 0 1 1 0 0 0 -0.227494715950519
6 1 0 1 1 0 0 0 -0.0174605087394012
1 1 0 1 2 0 0 0 -0.0984530711444367
2 1 0 1 2 0 0 0 -0.319518692055149
3 1 0 1 2 0 0 0 -0.0440853930714011
4 1 0 1 2 0 0 0 -0.218028334561964
5 1 0 1 2 0 0 0 -0.216012369878284
6 1 0 1 2 0 0 0 -0.139337310710561
1 1 0 1 3 0 0 0 -0.0721787297258188
2 1 0 1 3 0 0 0 -0.26034110185728
3 1 0 1 3 0 0 0 -0.0187917610518457
4 1 0 1 3 0 0 0 -0.0126999936364434
5 1 0 1 3 0 0 0 -0.0914293859460278
6 1 0 1 3 0 0 0 0.11328010251823
1 1 0 0 0 1 0 0 -0.275558097404657
2 1 0 0 0 1 0 0 -0.26202811322658
3 1 0 0 0 1 0 0 0.142849426284481
4 1 0 0 0 1 0 0 -0.952410413225098
5 1 0 0 0 1 0 0 -0.955868098520462
6 1 0 0 0 1 0 0 -0.94767271172428
1 1 0 0 0 1 0 1 -0.480002278144599
2 1 0 0 0 1 0 1 -0.361753456901554
3 1 0 0 0 1 0 1 -0.0754251669550853
4 1 0 0 0 1 0 1 -0.942000150701182
5 1 0 0 0 1 0 1 -0.949601613473977
6 1 0 0 0 1 0 1 -0.934916672889661
1 1 0 0 0 1 0 0 0.184417205519328
2 1 0 0 0 1 0 0 -0.0532170060678109
3 1 0 0 0 1 0 0 0.0250364653867319
4 1 0 0 0 1 0 0 0.114105393420517
5 1 0 0 0 1 0 0 0.0484947368601238
6 1 0 0 0 1 0 0 0.116228984859398
1 1 0 1 0 1 1 0 -0.214653971925401
2 1 0 1 0 1 1 0 -0.353961999926425
3 1 0 1 0 1 1 0 0.00476245916278094
4 1 0 1 0 1 1 0 -0.978684370388295
5 1 0 1 0 1 1 0 -0.971090423866737
6 1 0 1 0 1 1 0 -0.974300115365226
1 1 0 1 0 1 1 1 -0.221617770280105
2 1 0 1 0 1 1 1 -0.434206731972435
3 1 0 1 0 1 1 1 -0.0422714225290824
4 1 0 1 0 1 1 1 -0.978154770658413
5 1 0 1 0 1 1 1 -0.970947966726128
6 1 0 1 0 1 1 1 -0.97318339962963
1 1 0 1 0 1 1 0 0.0773140386701899
2 1 0 1 0 1 1 0 0.0628726058822474
3 1 0 1 0 1 1 0 0.0200704059537717
4 1 0 1 0 1 1 0 0.281460817910214
5 1 0 1 0 1 1 0 0.251268415000934
6 1 0 1 0 1 1 0 0.281115014821636
1 1 0 1 0 1 1 0 -0.409173038476359
2 1 0 1 0 1 1 0 -0.449781382648834
3 1 0 1 0 1 1 0 -0.289525832505356
4 1 0 1 0 1 1 0 -0.964296113911086
5 1 0 1 0 1 1 0 -0.94790849906086
6 1 0 1 0 1 1 0 -0.95485445779321
1 1 0 1 0 1 1 1 -0.47383309359518
2 1 0 1 0 1 1 1 -0.381406363802979
3 1 0 1 0 1 1 1 -0.361230992213905
4 1 0 1 0 1 1 1 -0.951641735873945
5 1 0 1 0 1 1 1 -0.93063670339979
6 1 0 1 0 1 1 1 -0.942115714415638
1 1 0 1 0 1 1 0 0.163203814253339
2 1 0 1 0 1 1 0 -0.168707548570072
3 1 0 1 0 1 1 0 0.0671727851545073
4 1 0 1 0 1 1 0 -0.076439552620045
5 1 0 1 0 1 1 0 -0.183705132389758
6 1 0 1 0 1 1 0 -0.0293652946094444
1 1 0 1 0 1 1 0 -0.515516844208937
2 1 0 1 0 1 1 0 -0.658694456439443
3 1 0 1 0 1 1 0 -0.438007290282333
4 1 0 1 0 1 1 0 -0.985335632976927
5 1 0 1 0 1 1 0 -0.974885979685205
6 1 0 1 0 1 1 0 -0.977968240452675
1 1 0 1 0 1 1 1 -0.514404823691173
2 1 0 1 0 1 1 1 -0.703083532121114
3 1 0 1 0 1 1 1 -0.486442976081671
4 1 0 1 0 1 1 1 -0.984491355740011
5 1 0 1 0 1 1 1 -0.973461064197272
6 1 0 1 0 1 1 1 -0.976648216795267
1 1 0 1 0 1 1 0 0.130805801208583
2 1 0 1 0 1 1 0 0.094112452115136
3 1 0 1 0 1 1 0 0.0957588246085356
4 1 0 1 0 1 1 0 0.177738590515189
5 1 0 1 0 1 1 0 0.0848650395195068
6 1 0 1 0 1 1 0 0.165728127309943
